0.05493574462359293
0.019

Corto por tasa de error aceptable ()
Epocas: 31

[array([[-0.14695147, -0.1484166 ,  0.4985878 , -0.20777894,  0.04013408,
         0.37169331],
       [-0.20214501, -0.12017115, -0.01407394,  0.47730701,  0.02698792,
         0.29739593],
       [-0.41516885, -0.13973184, -0.4063185 ,  0.23748423,  0.52265817,
         0.0677974 ],
       [-0.32025992,  0.26175539,  0.39027194,  0.4864926 , -0.11254583,
        -0.28658341],
       [-0.28466152, -0.12648393, -0.37433849,  0.06396792, -0.48310042,
         0.25377812]]), array([[-3.19047065e-01, -2.32839575e-01, -1.90256243e-01,
         4.46888532e-01,  3.17145240e-01, -2.92543291e-01],
       [-7.83153096e-02, -4.37085015e-01,  3.50275989e-02,
        -2.23690221e-01,  4.09642756e-01, -1.43076278e-01],
       [-2.94951238e-01, -7.26733479e-02, -3.50219865e-01,
        -2.53951843e-09, -3.59702818e-01, -4.87644794e-01]])]


0.044661504882714635
0.016

Corto por tasa de error aceptable
Epocas: 1
[array([[ 0.321698  , -0.08942703, -0.30146002,  0.19815301,  0.44079298,
         0.40657386],
       [-0.28800286, -0.33968008, -0.56249451,  0.40342954,  0.33692443,
         0.4887662 ],
       [-0.28816087,  0.29163498, -0.05965525,  0.25762751, -0.07504158,
        -0.24358817],
       [-0.45093396, -0.18384889,  0.29185065,  0.24211271,  0.2433341 ,
        -0.30553892],
       [ 0.18011627, -0.49095042,  0.20337829, -0.33090225,  0.04030302,
        -0.272718  ]]), array([[ 3.22249590e-01,  8.73795511e-02,  2.48193137e-01,
         1.59334815e-01,  3.40666108e-01,  7.87601137e-04],
       [-2.49575202e-01, -1.42604098e-01, -2.76197144e-01,
         3.01412034e-01, -1.83355448e-01, -5.61281789e-02],
       [-3.02643857e-01, -3.81241905e-01,  3.62035085e-05,
        -2.87956622e-01,  1.84412186e-01, -1.82135897e-01]])]


0.04930862932931227
0.026

Corto por cantidad de epocas ( 500 )
Error logrado:  2.59 %
[array([[-0.19190372,  0.48958803,  0.14411962, -0.25983199,  0.090234  ,
        -0.27676319],
       [-0.19709191,  0.38855667, -0.43984936,  0.07988108, -0.2574658 ,
        -0.42321437],
       [ 0.35883959, -0.38405082, -0.13749242,  0.24391146,  0.37845578,
        -0.12321475],
       [-0.07330477,  0.2159583 ,  0.37445762, -0.35944586,  0.18099713,
        -0.4230696 ],
       [-0.1422023 ,  0.36239816,  0.48701949, -0.1601068 ,  0.31684774,
         0.4770463 ]]), array([[-6.47165235e-01,  1.42915070e-05,  1.26328668e-01,
        -2.00238885e-01, -3.67882122e-01,  4.77913320e-02],
       [ 3.25162485e-01, -9.96017425e-02, -2.06915911e-01,
         4.18786944e-01,  6.18748570e-01,  2.33147065e-01],
       [-1.96423075e-01, -4.30176711e-16,  5.92181122e-01,
         2.44123853e-01,  4.15670320e-17,  1.51634194e-01]])]

0.5165774851012345
0.001

Corto por tasa de error aceptable (1.0%)
Epocas: 1
[array([[ 0.20086339, -0.17032308, -0.09709814, -0.34608417,  0.01878807,
         0.26692764],
       [ 0.34951064, -0.14537308, -0.51034145,  0.12130056,  0.04974865,
         0.35824235],
       [-0.1001934 ,  0.38867493, -0.2652722 , -0.32913713, -0.15157116,
        -0.00981034],
       [ 0.43922338,  0.10524793,  0.46903157, -0.46113214, -0.08514374,
         0.09651354],
       [ 0.46278005,  0.03152608, -0.11888204, -0.18585248, -0.33613728,
        -0.16309973]]), array([[-0.26772695,  0.19257835,  0.22187682, -0.41641781, -0.35356841,
        -0.08471307],
       [-0.25723259,  0.21676135, -0.20902567,  0.10298885,  0.31517318,
        -0.19743511],
       [ 0.06580563,  0.30122432, -0.04365628, -0.22473899, -0.37062099,
         0.22058742]])]